3.25	-0.1	3.55	-0.1  0  start
3.4	-0.1	3.4	0.5   0  l01
3.4	0.5	3.7	0.8
3.5	0.6	5.4	0.6 0 l03
3.7	0.8	4.1	1.2
4.0	1.1	5.6	1.1 0 l04
5.6	0.80	5.6	2.2 0 l09
4.1	1.2	4.1	1.6 0 l05
4.1	1.6	4.2	1.7 0 l06
4.2	1.7	5.8	1.7 0 l07
5.6	2.2	5.7	2.3
5.7	2.3	5.7	4.6
5.7    4.6     5.5     4.8 
5.5	2.8	5.9	2.8 0 cross
0.5	2.2	5.4	2.2  0 l08
1.7	2.0	1.7	2.4 0 cross
5.5	4.8	3.0	4.8
3.5	4.6	3.5	5.0 0 cross
3.0    4.8     2.3     4.1 255 
2.3    4.1     2.3     3.5 255 
2.3    3.5     3.0     2.8 255 
3.0    2.8     3.0     2.22 255 
