4.0   4.575   4.0     3.25 0 gatewall
4.885652 0.450000 4.885652 0.750000 0
4.885652 0.750000 5.185652 0.750000 0
4.885652 0.450000 5.185652 0.450000 0
5.185652 0.450000 5.185652 0.750000 0
4.875000 1.450000 5.375000 1.450000 0
5.825000 1.450000 6.325000 1.450000 0
4.875000 1.950000 5.375000 1.950000 0
5.825000 1.950000 6.325000 1.950000 0
5.350000 1.500000 5.350000 1.900000 0
5.350000 1.900000 5.850000 1.900000 0
5.350000 1.500000 5.850000 1.500000 0
5.850000 1.500000 5.850000 1.900000 0
0.500000 1.900000 0.500000 2.500000 0
0.500000 2.500000 1.300000 2.500000 0
0.500000 1.900000 1.300000 1.900000 0
1.300000 1.700000 1.300000 2.500000 0
5.300000 3.786917 5.264645 3.751562 0
5.300000 3.786917 5.335355 3.751562 0
5.300000 4.236917 5.335355 4.272273 0
5.300000 4.236917 5.264645 4.272273 0
4.000000 4.575000 3.964645 4.539645 0
4.000000 4.575000 4.035355 4.539645 0
4.000000 5.025000 4.035355 5.060355 0
4.000000 5.025000 3.964645 5.060355 0
4.000000 2.800000 3.964645 2.764645 0
4.000000 2.800000 4.035355 2.764645 0
4.000000 3.250000 4.035355 3.285355 0
4.000000 3.250000 3.964645 3.285355 0
2.475000 4.625000 2.475000 4.675000 0
2.475000 4.625000 2.425000 4.625000 0
2.793198 4.306802 2.793198 4.256802 0
2.793198 4.306802 2.843198 4.306802 0
2.475000 2.975000 2.425000 2.975000 0
2.475000 2.975000 2.475000 2.925000 0
2.793198 3.293198 2.843198 3.293198 0
2.793198 3.293198 2.793198 3.343198 0
